6.76666666666667
6.83333333333333
7.38461538461539
5.82758620689655
7.64285714285714
5.75862068965517
6
6.81481481481481
2.92592592592593
5.64285714285714
7.27586206896552
3.79310344827586
6.6
6.8
5.88888888888889
6.67857142857143
7.41379310344828
1.96666666666667
4.96666666666667
2.79310344827586
6.53571428571429
6.31034482758621
3.96296296296296
6.83333333333333
6.56666666666667
6
2.67857142857143
5.53333333333333
5.71428571428571
3.14285714285714
8.13793103448276
7.62068965517241
7.72413793103448
4.16666666666667
8
4.24137931034483
6.26666666666667
5.42857142857143
4.23333333333333
6.67857142857143
4.18518518518519
4.5
4.43333333333333
3.93333333333333
6.51724137931035
4.3
3.26666666666667
7.67857142857143
6.43333333333333
7.26666666666667
4.89285714285714
7.31034482758621
4.72413793103448
3.62962962962963
6.5
6.32
6.36666666666667
4.2
5.44827586206897
4.33333333333333
6.53333333333333
4
5.19230769230769
7.33333333333333
4.66666666666667
6.46428571428571
6.10714285714286
5.2962962962963
7.13793103448276
6.89285714285714
5.82142857142857
4.13793103448276
6.68965517241379
4.24137931034483
5.76666666666667
3.82758620689655
5.1
5.73333333333333
