0 6.95 6.54545454545455 6.08333333333333 5.28571428571429 7.15789473684211 6 6.21428571428571 6.25 5.63157894736842 4.75 5.08333333333333 6.3125 
6.4 0 7.1875 7.14285714285714 6.38461538461539 3.54545454545455 7.5 4.33333333333333 4.25 4.84615384615385 2.8 6.64285714285714 4.92307692307692 
7 7.7 0 5.72222222222222 2.53333333333333 7.41666666666667 1.84615384615385 6.61538461538461 8.28571428571429 4.05 8 3.5 7.36363636363636 
5.64705882352941 8.14285714285714 5.81818181818182 0 5 6.66666666666667 4.09523809523809 6.05555555555556 7.95 5.91666666666667 7 4.72222222222222 6.82352941176471 
6.76923076923077 7.21428571428571 3.41666666666667 6.28571428571429 0 6 3 5.77777777777778 7.94117647058824 4 7.54545454545455 4.42857142857143 5.41176470588235 
7.5 3.94444444444444 6.05555555555556 6.88888888888889 5.78571428571429 0 6 2.33333333333333 4.42857142857143 3.16666666666667 4.78947368421053 7 3.63636363636364 
7.26666666666667 7.33333333333333 2.05882352941176 7 2.57142857142857 6.65217391304348 0 4.75 7.6875 2.72727272727273 7.38461538461539 4.58823529411765 6.27272727272727 
6.4 3.66666666666667 7 7.33333333333333 6.4 3.07692307692308 6.42857142857143 0 4.3 3.5 4 6.33333333333333 4.29411764705882 
5.3125 2.7 8 6.88888888888889 7.41666666666667 3.9375 8.35714285714286 4.21052631578947 0 5.55555555555556 2.14285714285714 7.84615384615385 5.66666666666667 
7.36363636363636 5.93333333333333 4.6 7.25 4.38461538461539 5.38888888888889 5.42105263157895 4.3125 8.09090909090909 0 6.58333333333333 5.16666666666667 3.41666666666667 
4 3.73333333333333 7.4375 6.05555555555556 7.10526315789474 5.11111111111111 7.25 5.75 4.15 6.44444444444444 0 6.57142857142857 4.92857142857143 
7.46153846153846 6.125 5.25 6.63636363636364 4.25 5.72727272727273 3.16666666666667 4.21428571428571 6.94117647058824 3.91666666666667 6.35714285714286 0 4.85714285714286 
5.83333333333333 5.64285714285714 7 7 6.45454545454545 4.44444444444444 6.94444444444444 4.16666666666667 5.86666666666667 4.11764705882353 5.25 6.5 0 
