6.26666666666667
4.68965517241379
4.16666666666667
4.13793103448276
4.41379310344828
5.13793103448276
4.16666666666667
4.2
4.13333333333333
4.89655172413793
4.31034482758621
4.36666666666667
4.33333333333333
4.76666666666667
4.3
4.2
4.03448275862069
4.6
4.3
3.75862068965517
4.46666666666667
4.82758620689655
4.41379310344828
3.96666666666667
4.26666666666667
3.89655172413793
4.27586206896552
4.31034482758621
4.43333333333333
4.75862068965517
4.76666666666667
3.72413793103448
3.96666666666667
4.76666666666667
3.63333333333333
4.1
4.10344827586207
4.58620689655172
4.83333333333333
4.46666666666667
4.4
4.2
4.3448275862069
4.41379310344828
4.43333333333333
4.73333333333333
4
4.1
3.86206896551724
5.28571428571429
4.43333333333333
4.56666666666667
4.58620689655172
5.9
3.63333333333333
3.86666666666667
4.76666666666667
5.4
4.48275862068965
4.17241379310345
4.7
4.63333333333333
4.55172413793103
4.03333333333333
4.03333333333333
4.27586206896552
4.58620689655172
4.06896551724138
4.32142857142857
4.6
4.39285714285714
3.75862068965517
4.66666666666667
4.96666666666667
4.13793103448276
4.2
4.46666666666667
4.7
4.31034482758621
4.03333333333333
3.89655172413793
5
4.89285714285714
3.78571428571429
4.79310344827586
4.33333333333333
3.93103448275862
4.27586206896552
4.63333333333333
4.46666666666667
3.2
3.06666666666667
3.16666666666667
3.46666666666667
3.5
3.36666666666667
3.23333333333333
4.82758620689655
3.27586206896552
3.17241379310345
3.33333333333333
3.71428571428571
3.23333333333333
3.10344827586207
3.3448275862069
3.79310344827586
3.63333333333333
4
3.46666666666667
3.8
3.24137931034483
3.36666666666667
3.51724137931034
3.83333333333333
3.03703703703704
3.03333333333333
3.17241379310345
3.73333333333333
3.37931034482759
3.10344827586207
3.03571428571429
4.24137931034483
3.06666666666667
3.32142857142857
3.48275862068966
3.39285714285714
3.5
3
3
3.53333333333333
3.3
3.3
3.5
4
3.33333333333333
3.37931034482759
3.42857142857143
3.73333333333333
3.2
3.20689655172414
3.4
3.43333333333333
3.26666666666667
3.13793103448276
4
3.7
3.44827586206897
3.7
3.13333333333333
3.82758620689655
3.2
3.06666666666667
3.16666666666667
3.8
3.36666666666667
3.36666666666667
3.3
3.51724137931034
3.43333333333333
3.03333333333333
3.16666666666667
3.63333333333333
3
3.58620689655172
2.83333333333333
3.26666666666667
3.17241379310345
3.3
3.43333333333333
3.96666666666667
3.48275862068966
3.53333333333333
3.32142857142857
4.13333333333333
3.28571428571429
3.58620689655172
3.56666666666667
3.82758620689655
